3437
1816
4375
1328
2754
4735
728
4175
4551
4041
4771
4091
2834
3498
337
2574
1597
3029
3732
1721
2480
1504
2596
2732
4942
4270
988
1894
4158
2347
4577
3311
630
3954
296
3325
685
1702
609
4883
2433
3419
4962
1960
4852
4581
814
1971
2615
2813
2175
108
159
1197
480
1933
4219
1644
1386
3484
3747
3834
18
2204
4464
1460
3462
3880
3203
2012
1889
4894
2420
3849
4288
4060
1542
637
2879
362
3456
4017
4279
1345
173
4469
3153
4432
3475
3362
4105
4041
317
2125
1136
3599
3402
2758
2496
3392
1119
1934
3768
604
925
2281
2688
1309
1908
1420
392
3583
3764
1024
28
4730
4555
3673
2032
4994
3307
4029
406
4840
2906
2847
4578
296
2714
690
658
3783
3140
4486
4242
1523
250
3675
421
2891
1782
1844
2524
2055
2971
522
278
4292
2097
1405
4044
4729
727
2501
86
2089
1528
3927
2697
3077
2702
2392
3595
1219
762
1609
444
4277
1781
3505
4481
880
3253
4140
3213
1464
1505
3350
1870
2384
2570
286
3198
1309
1645
929
3056
640
4401
2154
4994
1322
979
2343
189
4389
3248
1305
1294
1362
79
1000
2512
3592
1924
3164
1477
1587
4287
3622
584
3178
2058
314
507
2417
4194
2287
4574
4832
3552
4803
4876
4627
3511
3160
4901
910
3951
3824
3215
200
2057
508
2305
1571
2773
4606
4385
3481
4452
1470
1352
779
1570
1816
4264
665
1836
2772
196
961
1731
1461
2809
276
1123
2884
81
3763
3263
567
2635
464
407
384
1122
1550
3008
3936
4643
4587
2902
1093
381
2083
3452
4097
3057
1695
3896
4236
4073
1180
3628
2254
3468
596
2698
2030
448
4889
4525
622
218
3886
3835
888
372
1186
695
2714
2656
2900
3128
608
3059
638
1081
727
1823
2025
4827
3386
4867
4027
1493
1456
1835
3152
1915
526
3851
979
3489
4754
62
2280
876
1495
3248
2565
3725
1872
1000
1182
1580
1174
3051
3021
4195
2830
4515
1972
208
3422
62
1140
755
1190
2393
2379
4052
2220
4270
169
3863
1678
4410
3373
546
779
4762
4586
2479
4258
3299
2955
2386
3685
2447
319
3404
3814
3957
4084
1011
1880
772
67
4692
3922
1526
4685
4101
869
3512
1506
2601
832
2319
4902
1764
4678
2475
3416
3068
4928
4492
950
123
2107
3753
2069
3742
2075
3975
238
3262
186
4157
1983
906
4344
3681
1624
4253
77
485
1611
746
1793
354
1555
1367
2545
3555
3726
1340
542
1017
1082
2387
4822
4944
2586
169
4457
943
2027
1893
3274
3244
2416
1674
336
3996
2419
998
851
4162
2992
4444
2882
204
3329
1753
2199
702
1198
3519
250
3898
2721
4169
3075
4596
1084
4399
1095
1455
4796
4133
3458
4717
2471
3549
2938
4880
1032
3549
1136
2729
489
1379
3025
1638
4505
4618
1615
833
2970
3755
4745
3507
1644
4376
524
3246
3598
740
2912
3020
4902
4395
4366
3858
986
3164
2733
4780
3815
2318
4670
2648
2383
2521
3409
1342
1144
1437
91
1466
2785
262
3485
1041
4387
4950
3074
3094
3026
4691
1282
293
637
3116
2826
1093
2012
4166
652
1341
1885
1835
2018
652
4085
2098
1125
4123
967
4181
2103
2161
649
1447
235
4640
911
3326
4470
1036
91
4639
1755
4123
1036
4377
2011
4267
4694
2316
4329
1977
786
3750
4580
950
3244
2833
1955
2290
3826
3951
2127
3844
2589
4120
4643
4190
2881
3185
183
3686
4696
4616
1250
2246
81
2895
4616
4707
87
1858
4428
3651
4851
126
1376
1899
1867
4285
1397
3078
1371
2181
2210
1140
2512
2910
1535
1915
4734
2821
1386
1509
2134
644
2281
1169
2500
2334
869
349
3217
2248
2203
1969
4522
3476
3992
2464
2745
2745
2323
3596
1789
2104
2316
2516
2407
111
4734
2171
1360
2701
4973
2265
472
2919
1517
4208
2844
208
4399
4532
3416
1048
4861
4122
4977
241
1618
4035
3917
4070
4170
1989
499
2789
4720
30
3327
4765
3761
2390
2600
3698
3989
516
2274
4938
1497
1604
1959
4784
4619
2537
3346
2790
181
741
2243
3193
2538
2166
3493
699
3253
2290
3530
2985
1767
2683
3199
1488
882
3078
1446
2009
1933
4717
2059
4345
1849
40
3744
15
2077
4133
4451
1634
3642
2708
2609
3979
2786
134
2227
1596
3897
1901
446
1700
1986
4289
3171
3814
3404
472
3903
1541
1091
1337
857
463
3682
2898
1345
2499
3422
3478
3622
4119
2838
1897
4342
4059
74
4219
3701
748
852
4850
3112
33
4272
360
2359
2559
1869
4929
1610
1605
231
2910
543
2306
1851
2147
298
4888
3788
4728
3173
419
3279
1326
3861
90
4947
4111
3741
4185
1771
3155
690
1241
3224
825
1191
3322
539
3785
630
3492
1869
2017
3889
4928
1354
2036
2208
2926
3921
3812
1959
1123
1677
2694
1754
2946
1499
2270
2612
2757
1189
2424
4833
2075
2220
4302
4081
1027
957
1975
4349
3
4098
4681
3549
1262
2437
3932
3736
2911
1903
815
264
2958
1197
4567
4563
530
4071
3244
1824
3269
1174
2873
2303
4444
2184
1814
2708
2052
2954
1182
1970
1947
4463
1956
2024
1996
4145
493
510
2566
3534
4701
854
375
2161
1876
879
2653
4738
3552
1955
2712
152
1080
3829
1226
2379
4104
4078
623
1225
1684
4956
722
3844
3317
3494
4240
2544
2568
1385
3578
2735
4258
4735
1472
2020
1929
2284
308
936
56
2313
4402
4226
4257
1795
3383
3126
798
4616
41
1415
4886
1342
1850
4744
133
1530
3843
3381
1639
109
2171
2167
3377
4977
894
1345
2357
4206
451
1820
3770
4687
1169
4371
554
1495
4587
1522
112
1114
1746
2951
1344
2164
2848
2916
2886
1728
1887
399
3440
1927
4296
4947
143
2235
850
4280
902
2039
770
1592
4166
3221
2644
200
173
2478
